date,brand_key,brand_name,rank,title,href,href_clean,plan_start,plan_end,img_url,img_local,img_status,img_w,img_h,img_bytes,img_signature,brand_resolved_url,extract_source,confidence_score,is_fallback,is_primary_hero,landing_title,landing_subtitle,landing_summary,landing_keywords,landing_category,landing_text_status
2026-07-16,tnf,The North Face,1,태양을 따라 여름을 입다 HOT SUMMER ESSENTIALS,https://www.thenorthfacekorea.co.kr/event/view/eventCategoryNF/93103,https://www.thenorthfacekorea.co.kr/event/view/eventCategoryNF/93103,2025-09-21,2028-09-20,https://image.thenorthfacekorea.co.kr/cmsstatic/17899/hotsummer_main_banner_PC.webp,tnf_1_e1e8467eed.jpg,ok,1100,500,90579,809495d5e6e08cf9,https://www.thenorthfacekorea.co.kr/,tnf_slick,0.96,0,1,태양을 따라 여름을 입다,Youngone Outdoor Co. All Rights Reserved.,노스페이스 태양을 따라 여름을 입다 기획전. 화이트라벨이 제안하는 일상과 여행을 잇는 핫썸머 컬렉션. 지금 노스페이스 공식몰에서 만나보세요.,"슈즈, 패딩, 다운, 가방, 신발, 베스트",라이프스타일,ok
2026-07-16,tnf,The North Face,2,무브 투 썸머,https://www.thenorthfacekorea.co.kr/event/view/eventCategoryNF/93099,https://www.thenorthfacekorea.co.kr/event/view/eventCategoryNF/93099,,,https://image.thenorthfacekorea.co.kr/cmsstatic/17906/260600_summer_vacance_main_banner_PC_v3.webp,tnf_2_9bf83e45a6.jpg,ok,1100,500,109932,df5122c51d825af7,https://www.thenorthfacekorea.co.kr/,tnf_slick,0.96,0,0,,,,,,skipped
2026-07-16,tnf,The North Face,3,코지 반팔티 기획전,https://www.thenorthfacekorea.co.kr/event/view/eventCategoryNF/93110,https://www.thenorthfacekorea.co.kr/event/view/eventCategoryNF/93110,,,https://image.thenorthfacekorea.co.kr/cmsstatic/cozy_main_banner_PC,,download_fail,0,0,0,67256ac9da,https://www.thenorthfacekorea.co.kr/,tnf_slick,0.96,0,0,,,,,,skipped
2026-07-16,tnf,The North Face,4,키즈 핫썸머 기획전,https://www.thenorthfacekorea.co.kr/event/view/eventCategoryNF/93111,https://www.thenorthfacekorea.co.kr/event/view/eventCategoryNF/93111,,,https://image.thenorthfacekorea.co.kr/cmsstatic/kids_hotsummer_main_banner_MO.webp,tnf_4_7f89e01368.jpg,ok,750,1098,161128,16da5a7a23d6afc5,https://www.thenorthfacekorea.co.kr/,tnf_slick,0.96,0,0,,,,,,skipped
2026-07-16,tnf,The North Face,5,"COOLER THAN SUMMER 입는 순간 느껴지는 시원함, 냉감 컬렉션",https://www.thenorthfacekorea.co.kr/event/view/eventCategoryNF/93094,https://www.thenorthfacekorea.co.kr/event/view/eventCategoryNF/93094,,,,,no_url,0,0,0,,https://www.thenorthfacekorea.co.kr/,tnf_slick,0.96,0,0,,,,,,skipped
2026-07-16,patagonia,Patagonia,1,main visual section,https://www.patagonia.co.kr/shop/goodsList/001005046000000,https://www.patagonia.co.kr/shop/goodsList/001005046000000,,,https://patagonia.edge.naverncp.com/banner/F26_trailrunnig_main.jpg,patagonia_1_a4ed220073.jpg,ok,1100,733,127168,df67557c19260d63,https://www.patagonia.co.kr/,patagonia_static_hero,0.94,0,1,Capilene® Cool Tech Tees 캐필린 쿨 테크 티,Some stories to get you out there.,"파타고니아코리아 온라인 스토어, 환경과 사회에 대한 책임 기업","기능성, 가방, 백팩",백팩,ok
2026-07-16,arcteryx,Arc'teryx,1,SUMMER GEAR IS HERE,https://arcteryx.co.kr/products/category/223,https://arcteryx.co.kr/products/category/223,,,https://public.arcteryx.co.kr/images/banner/6YOt4CykXc09NZvbhhxidGOQ0yWNzVj5OCSuAEu0.jpg,arcteryx_1_e9bcddb082.jpg,ok,1100,618,36072,e7eaed395ab88ebd,https://arcteryx.co.kr/,generic_fallback,0.55,1,0,아크테릭스코리아 : New Arrivals,전체보기,아크테릭스코리아 New Arrivals,,,ok
2026-07-16,arcteryx,Arc'teryx,2,It's shorts season. Find yours.,https://arcteryx.co.kr/products/category/60,https://arcteryx.co.kr/products/category/60,,,https://public.arcteryx.co.kr/images/banner/8210g1yYdX8j6hnFICxMFfYtLZf2XNe68WMid9NI.jpg,arcteryx_4_aaff3f8137.jpg,ok,1100,803,166370,a818020dcf3ef6b4,https://arcteryx.co.kr/,generic_fallback,0.55,1,0,,,,,,skipped
2026-07-16,arcteryx,Arc'teryx,3,Heliad 15 Backpack,https://arcteryx.co.kr/products/view/686182,https://arcteryx.co.kr/products/view/686182,,,https://public.arcteryx.co.kr/images/banner/VlKTUgDhhKHk1fbx6TohU2JyznVbuKpYvnHHH2wt.jpg,arcteryx_5_5afb7f4220.jpg,ok,1000,1000,68595,501ac1c96789d6c3,https://arcteryx.co.kr/,generic_fallback,0.55,1,0,,,,,,skipped
2026-07-16,salomon,Salomon,1,FUEL EVERY MILE,https://salomon.co.kr/pages/find-your-hydration,https://salomon.co.kr/pages/find-your-hydration,,,https://salomon.co.kr/cdn/shop/files/PC_main_2880x1120_1_2_180x.jpg?v=1783071521,salomon_1_c2e7edc269.jpg,ok,180,70,4527,fa7444496b6734a5,https://salomon.co.kr/,hero_slider_container,0.88,0,1,FIND YOUR HYDRATION – Salomon Korea,완주시간으로 내게 맞는 용량 찾기,"완주시간으로 내게 맞는 용량 찾기 예상 완주 시간으로 용량을 정하고, 하단 추천 상품을 확인해 보세요 ~3Hours 3~8Hours 8Hours~ DDC 10K 기준. 거리는 짧지만 누적 상승 992m로 잔 오르내림이 끊임없이 이어지는 숏 트레일 DDC 20K 기준. 후반부에 최고점 470m까지 치고 올라가는 본격 산악 구간 DDC 50K 기준. 누적 상승 5,236m·최고점 738m, 길고",신발,풋웨어,ok
2026-07-16,salomon,Salomon,2,Short Sleeve,https://salomon.co.kr/,https://salomon.co.kr/,,,https://salomon.co.kr/cdn/shop/files/31_96135f9c-e606-422d-bcda-c03736040826.jpg?v=1783922868,salomon_1_5ce3815912.jpg,ok,647,350,33821,0b4c63abef45e979,https://salomon.co.kr/,generic_fallback,0.55,1,0,,,,,,skipped
2026-07-16,salomon,Salomon,3,Rain Ready Every Move Protected,https://salomon.co.kr/collections/26ss_app_rainy_item,https://salomon.co.kr/collections/26ss_app_rainy_item,,,https://salomon.co.kr/cdn/shop/files/PC_main_2880x1120-_6_180x.jpg?v=1784077366,salomon_2_6922f28217.jpg,ok,180,70,4707,ce66d5642b45b712,https://salomon.co.kr/,hero_slider_container,0.88,0,0,,,,,,skipped
2026-07-16,salomon,Salomon,4,XT-ICONS,https://salomon.co.kr/collections/26fw_ftw_xticons,https://salomon.co.kr/collections/26fw_ftw_xticons,,,https://salomon.co.kr/cdn/shop/files/PC_main_2880x1120_8d4eb388-2f6b-44e4-9a24-b4ccc2519c96_180x.jpg?v=1784082688,salomon_3_86dad2a31d.jpg,ok,180,70,3626,85a41bb19cde2339,https://salomon.co.kr/,hero_slider_container,0.88,0,0,,,,,,skipped
2026-07-16,salomon,Salomon,5,BRING ON ADVENTURE,https://salomon.co.kr/pages/26ss-ftw-summer-shoes,https://salomon.co.kr/pages/26ss-ftw-summer-shoes,,,https://salomon.co.kr/cdn/shop/files/pc_main_e4325905-a490-43aa-bff5-d3c6d6674117_180x.jpg?v=1780621937,salomon_4_cc1d1eb3c9.jpg,ok,180,84,5871,0f65ef3c36f07f02,https://salomon.co.kr/,hero_slider_container,0.88,0,0,,,,,,skipped
2026-07-16,salomon,Salomon,6,메인 배너,,,,,https://salomon.co.kr/cdn/shop/files/PC_main_2880x1120_1_2_2450x.jpg?v=1783071521,salomon_3_b38df7eec7.jpg,cached,1100,427,88966,567010727b707b78,https://salomon.co.kr/,generic_fallback,0.55,1,0,,,,,,skipped
2026-07-16,salomon,Salomon,7,메인 배너,,,,,https://salomon.co.kr/cdn/shop/files/PC_main_2880x1120-_6_1512x.jpg?v=1784077366,salomon_5_95a3e8bbd6.jpg,cached,1100,427,97548,37c238ec580533ae,https://salomon.co.kr/,generic_fallback,0.55,1,0,,,,,,skipped
2026-07-16,salomon,Salomon,8,메인 배너,,,,,https://salomon.co.kr/cdn/shop/files/PC_main_2880x1120_8d4eb388-2f6b-44e4-9a24-b4ccc2519c96_1512x.jpg?v=1784082688,salomon_7_5a7cb7c242.jpg,cached,1100,427,58405,c50634dd8e771cfb,https://salomon.co.kr/,generic_fallback,0.55,1,0,,,,,,skipped
2026-07-16,salomon,Salomon,9,메인 배너,,,,,https://salomon.co.kr/cdn/shop/files/pc_main_e4325905-a490-43aa-bff5-d3c6d6674117_1512x.jpg?v=1780621937,salomon_9_70c6904878.jpg,cached,1100,515,141439,dc980934fffcd5c7,https://salomon.co.kr/,generic_fallback,0.55,1,0,,,,,,skipped
2026-07-16,salomon,Salomon,10,러닝,https://salomon.co.kr/collections/gnb-running,https://salomon.co.kr/collections/gnb-running,,,https://salomon.co.kr/cdn/shop/files/PC_1_1356e033-982c-4e3b-9f32-ded87d7b5e72_460x.png?v=1783064803,salomon_11_6c3bc9d1c1.jpg,ok,460,672,52753,22d15b87f8be0709,https://salomon.co.kr/,generic_fallback,0.55,1,0,,,,,,skipped
2026-07-16,salomon,Salomon,11,image,https://salomon.co.kr/collections/26ss-trail-running-apperal,https://salomon.co.kr/collections/26ss-trail-running-apperal,,,https://salomon.co.kr/cdn/shop/files/MO_01754982-4304-4c7e-add6-30419a2ab74f.jpg?v=1783321010,salomon_12_a31853a299.jpg,ok,750,1000,192533,415b41907e5828f5,https://salomon.co.kr/,generic_fallback,0.55,1,0,,,,,,skipped
2026-07-16,salomon,Salomon,12,image,https://salomon.co.kr/collections/26fw_ftw_aero_blaze4,https://salomon.co.kr/collections/26fw_ftw_aero_blaze4,,,https://salomon.co.kr/cdn/shop/files/1_8028c0dc-aa63-430e-bd1c-4dbc2bca063f.jpg?v=1784091796,salomon_13_ea3d06ea98.jpg,ok,750,1000,150042,a916790d6b0c6e38,https://salomon.co.kr/,generic_fallback,0.55,1,0,,,,,,skipped
2026-07-16,snowpeak,Snow Peak,1,경쾌한 무드의 썸머 에센셜 Light Moment with V,http://snowpeakstore.co.kr/goods/event_sale.php?sno=599,http://snowpeakstore.co.kr/goods/event_sale.php?sno=599,,,https://snowpetr1909.cdn-nhncommerce.com/data/skin/front/260702/img/banner/a356fc59a5166db3a18e563eb5c5a58f_72402.jpg,snowpeak_1_906ae8a9ba.jpg,ok,1100,575,26363,770ad33b85460673,https://www.snowpeakstore.co.kr/,hero_slider_container,0.88,0,1,스노우피크 어패럴 * Snow Peak,,헤리티지 프리미엄 아웃도어 & 라이프스타일 웨어 스노우피크 어패럴 공식 온라인몰,"티셔츠, 슈즈",라이프스타일,ok
2026-07-16,snowpeak,Snow Peak,2,메인 배너,https://www.snowpeakstore.co.kr/service/company.php,https://www.snowpeakstore.co.kr/service/company.php,,,https://snowpetr1909.cdn-nhncommerce.com/data/skin/front/260702/wib/img/kt_chn.png,snowpeak_1_f61a557c57.jpg,ok,84,28,1124,f1b0dfd951869163,https://www.snowpeakstore.co.kr/,generic_fallback,0.55,1,0,,,,,,skipped
2026-07-16,snowpeak,Snow Peak,3,하루를 완성하는 캠핑 레시피 SNOWPEAKER’S,http://snowpeakstore.co.kr/goods/event_sale.php?sno=642,http://snowpeakstore.co.kr/goods/event_sale.php?sno=642,,,https://snowpetr1909.cdn-nhncommerce.com/data/skin/front/260702/img/banner/57246763c2ff95d5de6736bba7d5e066_93663.jpg,snowpeak_2_cbf52c368e.jpg,ok,1100,575,155165,ee57358a30e4f292,https://www.snowpeakstore.co.kr/,hero_slider_container,0.88,0,0,,,,,,skipped
2026-07-16,snowpeak,Snow Peak,4,메인 배너,http://snowpeakstore.co.kr/goods/event_sale.php?sno=640,http://snowpeakstore.co.kr/goods/event_sale.php?sno=640,,,https://snowpetr1909.cdn-nhncommerce.com/data/skin/front/260702/img/banner/f22bb3ff5d1c8cf3e36f20ff2e5000e8_67314.jpg,snowpeak_3_e74a7c60e1.jpg,ok,1100,575,34186,e2240929f4b186b1,https://www.snowpeakstore.co.kr/,hero_slider_container,0.88,0,0,,,,,,skipped
2026-07-16,snowpeak,Snow Peak,5,입는 순간 시작되는 시원함 냉감 티셔츠 컬렉션,http://snowpeakstore.co.kr/goods/event_sale.php?sno=637,http://snowpeakstore.co.kr/goods/event_sale.php?sno=637,,,https://snowpetr1909.cdn-nhncommerce.com/data/skin/front/260702/img/banner/cba36569fcc3a97cc2637ce116005149_70857.jpg,snowpeak_4_d994a4317a.jpg,ok,1100,575,66258,7e6a1f5f49de929d,https://www.snowpeakstore.co.kr/,hero_slider_container,0.88,0,0,,,,,,skipped
2026-07-16,snowpeak,Snow Peak,6,가볍게 입고 자유롭게 즐기는 Summer In Nature,http://snowpeakstore.co.kr/goods/event_sale.php?sno=633,http://snowpeakstore.co.kr/goods/event_sale.php?sno=633,,,https://snowpetr1909.cdn-nhncommerce.com/data/skin/front/260702/img/banner/16af3bdf3f7be4206b4d87d1e5584120_98034.jpg,snowpeak_5_6e4928c446.jpg,ok,1100,575,104875,a57b566d004261d8,https://www.snowpeakstore.co.kr/,hero_slider_container,0.88,0,0,,,,,,skipped
2026-07-16,snowpeak,Snow Peak,7,매일 입고 싶은 도시의 여름 Summer In City,https://snowpeakstore.co.kr/goods/event_sale.php?sno=632,https://snowpeakstore.co.kr/goods/event_sale.php?sno=632,,,https://snowpetr1909.cdn-nhncommerce.com/data/skin/front/260702/img/banner/81d7a64a29233a3a585ddb7c588f59f8_56097.jpg,snowpeak_6_671c3e0f70.jpg,ok,1100,575,87824,5a5883cfcb897742,https://www.snowpeakstore.co.kr/,hero_slider_container,0.88,0,0,,,,,,skipped
2026-07-16,snowpeak,Snow Peak,8,여름을 함께할 특별한 선물 Special Season Gift,http://snowpeakstore.co.kr/goods/event_sale.php?sno=639,http://snowpeakstore.co.kr/goods/event_sale.php?sno=639,,,https://snowpetr1909.cdn-nhncommerce.com/data/skin/front/260702/img/banner/033c07eb6d092a5d7050ac5c1ec446db_65120.jpg,snowpeak_7_ccab70723b.jpg,ok,1100,575,24131,0d2cb6e060cf2fee,https://www.snowpeakstore.co.kr/,hero_slider_container,0.88,0,0,,,,,,skipped
2026-07-16,snowpeak,Snow Peak,9,타슬란 4부 반바지 Light Beige,https://www.snowpeakstore.co.kr/goods/goods_view.php?goodsNo=1000011184&mtn=72%5E%7C%5E%E2%AD%90%EF%B8%8F%5B%EB%A9%94%EC%9D%B8%ED%8E%98%EC%9D%B4%EC%A7%80+%EC%83%81%EB%8B%A8%5D+BEST+ITEM%5E%7C%5En,https://www.snowpeakstore.co.kr/goods/goods_view.php?goodsNo=1000011184&mtn=72%5E%7C%5E%E2%AD%90%EF%B8%8F%5B%EB%A9%94%EC%9D%B8%ED%8E%98%EC%9D%B4%EC%A7%80+%EC%83%81%EB%8B%A8%5D+BEST+ITEM%5E%7C%5En,,,https://godomall.speedycdn.net/8bed9a8aac3fd3e40e7d00120cb75013/goods/1000011184/image/main/1000011184_main_098.jpg,snowpeak_9_7d49424e68.jpg,ok,1000,1000,50865,d7b341669ffac7f5,https://www.snowpeakstore.co.kr/,generic_fallback,0.55,1,0,,,,,,skipped
2026-07-16,blackyak,Black Yak,1,SUMMER HIKING 산책과 등산 사이,https://rF0pCk9RNUKFcOSlGwiXrw.adtouch.adbrix.io/api/v1/click/kSEawNosoUOT0XAZZe9o7A?utm_source=BY_pc&utm_medium=pc_by_main_banner_ss_shoes,https://rF0pCk9RNUKFcOSlGwiXrw.adtouch.adbrix.io/api/v1/click/kSEawNosoUOT0XAZZe9o7A,,,https://cdn.byn.kr/real/_data/banner/692c9d82b46444ef14bc9b6f738018df.jpg,blackyak_1_495511f18c.jpg,ok,1100,538,157224,d643983a784442cb,https://www.byn.kr/blackyak,blackyak_swiper,0.93,0,1,BYN 블랙야크 공식몰,,BYN 블랙야크 공식몰입니다.,"샌들, 신발",풋웨어,ok
2026-07-16,blackyak,Black Yak,2,"BUILT FOR SUMMER 가벼운 착용감으로 완성하는, 에어로프레쉬",https://rF0pCk9RNUKFcOSlGwiXrw.adtouch.adbrix.io/api/v1/click/rjiUlbODoU6cRQNEzhMR4A?utm_source=BY_pc&utm_medium=pc_by_main_banner_july_AERO,https://rF0pCk9RNUKFcOSlGwiXrw.adtouch.adbrix.io/api/v1/click/rjiUlbODoU6cRQNEzhMR4A,,,https://cdn.byn.kr/real/_data/banner/1a06f18e41ec6b800a3f9ef8205f0256.jpg,blackyak_2_00fa202954.jpg,ok,1100,538,121559,7191ab7de347aaf7,https://www.byn.kr/blackyak,blackyak_swiper,0.93,0,0,,,,,,skipped
2026-07-16,blackyak,Black Yak,3,GRAND SHOPPING 추가 혜택부터~ 다양한 선물까지!,https://rF0pCk9RNUKFcOSlGwiXrw.adtouch.adbrix.io/api/v1/click/iJpptU0mxky3t9cLMzBX1w?utm_source=BY_pc&utm_medium=pc_by_main_banner_july_byssweek,https://rF0pCk9RNUKFcOSlGwiXrw.adtouch.adbrix.io/api/v1/click/iJpptU0mxky3t9cLMzBX1w,,,https://cdn.byn.kr/real/_data/banner/413a9446952292b2d0729b20d3e623d7.jpg,blackyak_3_5432637ea3.jpg,ok,1100,538,63649,13ffa7a06a41be5d,https://www.byn.kr/blackyak,blackyak_swiper,0.93,0,0,,,,,,skipped
2026-07-16,blackyak,Black Yak,4,SUMMER-SHOES 여름에 꼭 필요한 아이템,https://rF0pCk9RNUKFcOSlGwiXrw.adtouch.adbrix.io/api/v1/click/tJUt9P8ESUOGdqXluyxpog?utm_source=BY_pc&utm_medium=pc_by_main_banner_july_ssshoe,https://rF0pCk9RNUKFcOSlGwiXrw.adtouch.adbrix.io/api/v1/click/tJUt9P8ESUOGdqXluyxpog,,,https://cdn.byn.kr/real/_data/banner/e80c6e06d22c0c482e07cf81c0038e47.jpg,blackyak_4_3dcd01ccef.jpg,ok,1100,538,167461,11ba0e3b2ca4818e,https://www.byn.kr/blackyak,blackyak_swiper,0.93,0,0,,,,,,skipped
2026-07-16,blackyak,Black Yak,5,COIN : UP TO 40% BAC코인 등급별 10% 추가 UP,https://rF0pCk9RNUKFcOSlGwiXrw.adtouch.adbrix.io/api/v1/click/iXCLjxE98kCX3bas0jjvJg?utm_source=BY_pc&utm_medium=pc_by_main_banner_july_bac_1,https://rF0pCk9RNUKFcOSlGwiXrw.adtouch.adbrix.io/api/v1/click/iXCLjxE98kCX3bas0jjvJg,,,https://cdn.byn.kr/real/_data/banner/480931c9664b4997a3bc5a20e1d395be.jpg,blackyak_5_421c9dcd15.jpg,ok,1100,538,22878,6cb44fcaacf99254,https://www.byn.kr/blackyak,blackyak_swiper,0.93,0,0,,,,,,skipped
2026-07-16,blackyak,Black Yak,6,"INTO THE SUMMER 16만원 이상 구매 시 16,000P 즉시 사용",https://rF0pCk9RNUKFcOSlGwiXrw.adtouch.adbrix.io/api/v1/click/fmW3hp9YS0SGaLJu8fOUbw?utm_source=BY_pc&utm_medium=pc_by_main_banner_july_2,https://rF0pCk9RNUKFcOSlGwiXrw.adtouch.adbrix.io/api/v1/click/fmW3hp9YS0SGaLJu8fOUbw,,,https://cdn.byn.kr/real/_data/banner/5fdf21b884b0cfc2d312e135a2840bce.jpg,blackyak_6_ed35fc7c78.jpg,ok,1100,538,57182,5d3f6baf93fccbd3,https://www.byn.kr/blackyak,blackyak_swiper,0.93,0,0,,,,,,skipped
2026-07-16,blackyak,Black Yak,7,THE PERFECT UV SHIELD UPF 50+ 고기능성 의류,https://rF0pCk9RNUKFcOSlGwiXrw.adtouch.adbrix.io/api/v1/click/C417HUJtzkiXMmKz2eCCZw?utm_source=BY_pc&utm_medium=pc_by_main_banner_june_uv,https://rF0pCk9RNUKFcOSlGwiXrw.adtouch.adbrix.io/api/v1/click/C417HUJtzkiXMmKz2eCCZw,,,https://cdn.byn.kr/real/_data/banner/dc2c27cf2c819b7ebae229a2f1b627f9.jpg,blackyak_7_e46db13498.jpg,ok,1100,538,49367,4feb6f56914b975a,https://www.byn.kr/blackyak,blackyak_swiper,0.93,0,0,,,,,,skipped
2026-07-16,blackyak,Black Yak,8,SEERSUCKER 피부에 닿는 순간 찾아오는 시원함,https://rF0pCk9RNUKFcOSlGwiXrw.adtouch.adbrix.io/api/v1/click/SasvGEPiO0uUc8wIjzdstw?utm_source=BY_pc&utm_medium=pc_by_main_banner_june_SEERSUCKER,https://rF0pCk9RNUKFcOSlGwiXrw.adtouch.adbrix.io/api/v1/click/SasvGEPiO0uUc8wIjzdstw,,,https://cdn.byn.kr/real/_data/banner/4738a0ede0ac9a7cd5466b9ca5b07e81.jpg,blackyak_8_15b5dbd230.jpg,ok,1100,538,81200,70d325aced591f65,https://www.byn.kr/blackyak,blackyak_swiper,0.93,0,0,,,,,,skipped
2026-07-16,blackyak,Black Yak,9,SHIELD YOUR SUMMER 자외선 없는 완벽한 아웃도어 라이프,https://rF0pCk9RNUKFcOSlGwiXrw.adtouch.adbrix.io/api/v1/click/vurjAtszFUWyz9POsmJ9SA?utm_source=BY_pc&utm_medium=pc_by_main_banner_june_sun,https://rF0pCk9RNUKFcOSlGwiXrw.adtouch.adbrix.io/api/v1/click/vurjAtszFUWyz9POsmJ9SA,,,https://cdn.byn.kr/real/_data/banner/83c4e0978ce192de5c3e2df82ff67317.jpg,blackyak_9_14657a9682.jpg,ok,1100,538,80292,291e1b9887c2da6c,https://www.byn.kr/blackyak,blackyak_swiper,0.93,0,0,,,,,,skipped
2026-07-16,natgeo,National Geographic,1,"지구, 경이로운 행성",https://www.natgeokorea.com/,https://www.natgeokorea.com/,,,https://www.natgeokorea.com/lib/thumb/phpThumb.php?src=%2Fuploads%2F01_81.jpg&w=1200&sia=DISNEY_PLUS&q=75&hash=de0ccb4260fdc3fc26c4547f00d31212,natgeo_1_e0a73f60e3.jpg,ok,1100,618,90858,c8f77ec478d34d30,https://www.natgeokorea.com/,generic_fallback,0.55,1,0,내셔널지오그래픽 트래블러 매거진,"© National Geographic Partners LLC. All rights reserved. NATIONAL GEOGRAPHIC and Yellow Border Design are trademarks of National Geographic Society, used under","내셔널지오그래픽 통합홈페이지. 뉴스, 채널, 프로그램, 매거진, 의류, 사진 전시, 모바일 액세서리 정보",,,ok
2026-07-16,natgeo,National Geographic,2,"지구, 경이로운 행성",https://natgeokorea.com/program.php?p=176,https://natgeokorea.com/program.php?p=176,,,https://www.natgeokorea.com/assets/img/ar-left.png,natgeo_3_d895b5fda6.jpg,ok,20,36,293,d00afae7148b827e,https://www.natgeokorea.com/,generic_fallback,0.55,1,0,,,,,,skipped
2026-07-16,kolonsport,Kolon Sport,1,WEATHER MONSTER,https://www.kolonsport.com/WEATHERMONSTER,https://www.kolonsport.com/WEATHERMONSTER,,,https://images3.kolonmall.com/upload/content/e34f8f2b-52cb-4ac5-83a3-3bdbcd7d464b/WM_logo_3.svg,kolonsport_1_d26c2d5b4a.jpg,ok,0,0,6684,0cfae89c10589f88,https://www.kolonsport.com/,generic_fallback,0.55,1,0,코오롱스포츠 공식 온라인 스토어 │ 고기능성 아웃도어 브랜드,,"자연과 사람의 공존을 위한 기술. 독자적인 기술력으로 완성한 고기능성 아웃도어, 코오롱스포츠에서 지금 경험해보세요.",고기능성,,ok
2026-07-16,kolonsport,Kolon Sport,2,남녀공용 레인코트_GREEN-a,https://www.kolonsport.com/Special/250329?itm_bc=PC_3099_%ED%99%88&itm_ba=3_7284e_MainBanner_%EB%A9%94%EC%9D%B8%20%EB%B0%B0%EB%84%88&itm_bl=5_KS_%EC%8D%B8%EB%A8%B8%20%EC%95%A1%EC%84%B8%EC%84%9C%EB%A6%AC_%ED%92%80%EC%82%AC%EC%9D%B4%EC%A6%88_260709,https://www.kolonsport.com/Special/250329?itm_bc=PC_3099_%ED%99%88&itm_ba=3_7284e_MainBanner_%EB%A9%94%EC%9D%B8+%EB%B0%B0%EB%84%88&itm_bl=5_KS_%EC%8D%B8%EB%A8%B8+%EC%95%A1%EC%84%B8%EC%84%9C%EB%A6%AC_%ED%92%80%EC%82%AC%EC%9D%B4%EC%A6%88_260709,,,https://images.kolonmall.com/Prod_Img/KS/2026/LM26/JWJJX26251LIM_LM26.jpg,kolonsport_2_3242b4151f.jpg,ok,610,915,88926,92eb36bae8eca48c,https://www.kolonsport.com/,generic_fallback,0.55,1,0,,,,,,skipped
2026-07-16,kolonsport,Kolon Sport,3,메인 배너,,,,,https://images3.kolonmall.com/upload/banner/07557384-afbc-4b72-a77e-497bde9ffcb7/cdca3368-ab98-40ad-b89d-543a9b508311.jpg?q=90,kolonsport_3_ee196ea8d0.jpg,cached,1100,733,132707,06d36c0d7087a560,https://www.kolonsport.com/,generic_fallback,0.55,1,0,,,,,,skipped
2026-07-16,kolonsport,Kolon Sport,4,A DAY ON THE GREEN TRAIL,https://www.kolonsport.com/Special/250597?itm_bc=PC_3099_%ED%99%88&itm_ba=3_7284e_MainBanner_%EB%A9%94%EC%9D%B8%20%EB%B0%B0%EB%84%88&itm_bl=1_KS_%EC%97%AC%EB%A6%84%EC%82%B0%ED%96%89%20%EA%B8%B0%ED%9A%8D%EC%A0%84_%ED%92%80%EC%82%AC%EC%9D%B4%EC%A6%88_260709,https://www.kolonsport.com/Special/250597?itm_bc=PC_3099_%ED%99%88&itm_ba=3_7284e_MainBanner_%EB%A9%94%EC%9D%B8+%EB%B0%B0%EB%84%88&itm_bl=1_KS_%EC%97%AC%EB%A6%84%EC%82%B0%ED%96%89+%EA%B8%B0%ED%9A%8D%EC%A0%84_%ED%92%80%EC%82%AC%EC%9D%B4%EC%A6%88_260709,,,https://images3.kolonmall.com/upload/banner/07557384-afbc-4b72-a77e-497bde9ffcb7/e6e81783-be4b-4ddb-9497-a3d4e3cb68ad.jpg?q=90,kolonsport_5_9df312339c.jpg,ok,1100,733,196161,07e0014c52abb1bd,https://www.kolonsport.com/,generic_fallback,0.55,1,0,,,,,,skipped
2026-07-16,kolonsport,Kolon Sport,5,THE SUMMER RHYTHM,https://www.kolonsport.com/Special/250337?itm_bc=PC_3099_%ED%99%88&itm_ba=3_7284e_MainBanner_%EB%A9%94%EC%9D%B8%20%EB%B0%B0%EB%84%88&itm_bl=2_THE%20SUMMER%20RHYTHM_260709,https://www.kolonsport.com/Special/250337?itm_bc=PC_3099_%ED%99%88&itm_ba=3_7284e_MainBanner_%EB%A9%94%EC%9D%B8+%EB%B0%B0%EB%84%88&itm_bl=2_THE+SUMMER+RHYTHM_260709,,,https://images3.kolonmall.com/upload/banner/07557384-afbc-4b72-a77e-497bde9ffcb7/29bd0bfa-7e73-4db8-93c0-637cccfd2f5f.jpg?q=90,kolonsport_7_70dac16b48.jpg,ok,1100,733,300152,39e427e059f17ec3,https://www.kolonsport.com/,generic_fallback,0.55,1,0,,,,,,skipped
2026-07-16,kolonsport,Kolon Sport,6,THE STANDARD OF CARRY,https://www.kolonsport.com/Special/250331?itm_bc=PC_3099_%ED%99%88&itm_ba=3_7284e_MainBanner_%EB%A9%94%EC%9D%B8%20%EB%B0%B0%EB%84%88&itm_bl=3_KS_AXIOM%20%EB%B0%B1%ED%8C%A9%20%EA%B0%80%EC%9D%B4%EB%93%9C%20%EA%B8%B0%ED%9A%8D%EC%A0%84_%ED%92%80%EC%82%AC%EC%9D%B4%EC%A6%88_260708,https://www.kolonsport.com/Special/250331?itm_bc=PC_3099_%ED%99%88&itm_ba=3_7284e_MainBanner_%EB%A9%94%EC%9D%B8+%EB%B0%B0%EB%84%88&itm_bl=3_KS_AXIOM+%EB%B0%B1%ED%8C%A9+%EA%B0%80%EC%9D%B4%EB%93%9C+%EA%B8%B0%ED%9A%8D%EC%A0%84_%ED%92%80%EC%82%AC%EC%9D%B4%EC%A6%88_260708,,,https://images3.kolonmall.com/upload/banner/07557384-afbc-4b72-a77e-497bde9ffcb7/def38a5e-af32-446b-9d88-ca8243da418a.jpg?q=90,kolonsport_9_01af3910d8.jpg,ok,1100,733,300033,0ce21bce9bcac879,https://www.kolonsport.com/,generic_fallback,0.55,1,0,,,,,,skipped
2026-07-16,kolonsport,Kolon Sport,7,"AEROLITE X2, 백패킹의 본질만 남기다.",https://www.kolonsport.com/Special/250338?itm_bc=PC_3099_%ED%99%88&itm_ba=3_7284e_MainBanner_%EB%A9%94%EC%9D%B8%20%EB%B0%B0%EB%84%88&itm_bl=4_KS_%EC%97%90%EC%96%B4%EB%A1%9C%EB%9D%BC%EC%9D%B4%ED%8A%B8%202x%20%EA%B8%B0%ED%9A%8D%EC%A0%84_%ED%92%80%EC%82%AC%EC%9D%B4%EC%A6%88_260709,https://www.kolonsport.com/Special/250338?itm_bc=PC_3099_%ED%99%88&itm_ba=3_7284e_MainBanner_%EB%A9%94%EC%9D%B8+%EB%B0%B0%EB%84%88&itm_bl=4_KS_%EC%97%90%EC%96%B4%EB%A1%9C%EB%9D%BC%EC%9D%B4%ED%8A%B8+2x+%EA%B8%B0%ED%9A%8D%EC%A0%84_%ED%92%80%EC%82%AC%EC%9D%B4%EC%A6%88_260709,,,https://images3.kolonmall.com/upload/banner/07557384-afbc-4b72-a77e-497bde9ffcb7/ceb07bf7-1f73-43d5-aa88-fbc49664c982.jpg?q=90,kolonsport_11_950fb95602.jpg,ok,1100,733,261686,02f0f03276dd6f9a,https://www.kolonsport.com/,generic_fallback,0.55,1,0,,,,,,skipped
2026-07-16,k2,K2,1,일상을 바꾸는 K2 EASY SET-UP 편안함과 기술력의 완벽한 밸런스,javascript:void(0),javascript:void(0),,,https://contents.k-village.co.kr/Prod/temp/1778479178744.png/k2dims/optimize,k2_1_45bc00a22b.jpg,ok,1100,401,32519,efbd8e2c9e8c5fd4,https://www.k-village.co.kr/K2,hero_slider_container,0.88,0,1,,,,,,exception
2026-07-16,k2,K2,2,메인 배너,https://www.k-village.co.kr/main,https://www.k-village.co.kr/main,,,https://contents.k-village.co.kr/BO_Attach/up/1647072730180.svg,k2_1_d2615d2d97.jpg,ok,0,0,838,683eb0aee48f3354,https://www.k-village.co.kr/K2,generic_fallback,0.55,1,0,,,,,,skipped
2026-07-16,k2,K2,3,K2,https://www.k-village.co.kr/goods/FUS26G11W2,https://www.k-village.co.kr/goods/FUS26G11W2,,,https://contents.k-village.co.kr/Prod/2026/K/FUS26G11W2/FUS26G11W2_DG_01.JPG/k2dims/resize/540/extent/540x720/optimize,k2_14_d38a39d17e.jpg,ok,540,720,17886,b4f9fda2f5b91ddb,https://www.k-village.co.kr/K2,generic_fallback,0.55,1,0,,,,,,skipped
2026-07-16,k2,K2,4,K2,https://www.k-village.co.kr/goods/KUS26C04BX,https://www.k-village.co.kr/goods/KUS26C04BX,,,https://contents.k-village.co.kr/Prod/2026/K/KUS26C04BX/KUS26C04BX_DG_02.JPG/k2dims/resize/540/extent/540x720/optimize,k2_15_a6d866c2f5.jpg,cached,540,720,17548,8aa54c38df725438,https://www.k-village.co.kr/K2,generic_fallback,0.55,1,0,,,,,,skipped
2026-07-16,montbell,Montbell,1,메인 배너,https://www.montbell.co.kr/shop/event.php?ev_id=1780966203,https://www.montbell.co.kr/shop/event.php?ev_id=1780966203,,,https://www.montbell.co.kr/data/apms/background/2606_1920x800_new_01.jpg,montbell_1_1c2c97043f.jpg,ok,1100,458,115516,4979de225abb8e0b,https://www.montbell.co.kr/,hero_slider_container,0.88,0,1,"Light for Summer, 26SS 여름 컬렉션 제품을 만나보세요. 몽벨",스포티한 플라스틱 프레임을 사용한 편광 선글라스로 가볍고 추운 곳에서도 사용이 가능합니다.,"몽벨 브랜드 공식 사이트, 등산복, 등산화, 등산용품, 아웃도어 등 제품소개, 매장.","신발, 가방",하이킹,ok
2026-07-16,montbell,Montbell,2,montbell,https://www.montbell.co.kr/bbs/login.php?url=https://www.montbell.co.kr/,https://www.montbell.co.kr/bbs/login.php?url=https%3A%2F%2Fwww.montbell.co.kr%2F,,,https://www.montbell.co.kr/data/apms/background/2606_750x1050_new_03.jpg,montbell_1_93a1d00a72.jpg,ok,750,1050,145024,d7f7db12150eeaf9,https://www.montbell.co.kr/,generic_fallback,0.55,1,0,,,,,,skipped
2026-07-16,montbell,Montbell,3,메인 배너,https://www.montbell.co.kr/shop/event.php?ev_id=1780966237,https://www.montbell.co.kr/shop/event.php?ev_id=1780966237,,,https://www.montbell.co.kr/data/apms/background/2606_1920x800_new_02.jpg,montbell_2_ec5535a9d1.jpg,ok,1100,458,56651,490104ae145eb363,https://www.montbell.co.kr/,hero_slider_container,0.88,0,0,,,,,,skipped
2026-07-16,montbell,Montbell,4,메인 배너,https://www.montbell.co.kr/shop/event.php?ev_id=1780966300,https://www.montbell.co.kr/shop/event.php?ev_id=1780966300,,,https://www.montbell.co.kr/data/apms/background/2606_1920x800_new_03.jpg,montbell_3_f37de1d516.jpg,ok,1100,458,94998,d95a1855f98cd06e,https://www.montbell.co.kr/,hero_slider_container,0.88,0,0,,,,,,skipped
2026-07-16,montbell,Montbell,5,#26SS NEW ARRIVAL,https://www.montbell.co.kr/shop/event.php?ev_id=1773639157,https://www.montbell.co.kr/shop/event.php?ev_id=1773639157,,,https://www.montbell.co.kr/data/event/1773639157_s,montbell_7_ef3ea8055a.jpg,ok,937,1150,190972,a325d758376186f6,https://www.montbell.co.kr/,generic_fallback,0.55,1,0,,,,,,skipped
2026-07-16,montbell,Montbell,6,메인 배너,https://www.montbell.co.kr/shop/item.php?it_id=JBWJMURS672,https://www.montbell.co.kr/shop/item.php?it_id=JBWJMURS672,,,https://www.montbell.co.kr/data/item/product/thumb-JBWJMURS672_1000x1000_01_230x230.jpg,montbell_9_e833a2a9f9.jpg,ok,230,230,6276,26e3e0b5d9c379d2,https://www.montbell.co.kr/,generic_fallback,0.55,1,0,,,,,,skipped
2026-07-16,eider,Eider,1,더위에도 흐트러지지 않는 스타일,https://www.k-village.co.kr/exhibitionDetail?spexhNo=2507,https://www.k-village.co.kr/exhibitionDetail?spexhNo=2507,,,https://static.eider.co.kr/2026/06/JWCT2B-%EC%A0%9C%EB%AA%A9%20%EC%97%86%EC%9D%8C.jpg?w=1440&q=80&f=webp,eider_1_ad7dac2fbb.jpg,ok,1100,1507,499890,b176352bb08d998e,https://www.eider.co.kr/,hero_slider_container,0.88,0,1,EIDER 시원한 티셔츠: COOLEATS 티셔츠 보다 쿨한 COOLEATS,,"K2, EIDER, WIDEANGLE, DYNAFIT, PIRETTI GOLF, K2 Safety, EIDER SAFETY, NORDISK","티셔츠, 베스트, 슈즈",풋웨어,ok
2026-07-16,eider,Eider,2,자일리톨 파우더로 더 가볍고 산뜻하게,https://www.k-village.co.kr/exhibitionDetail?spexhNo=2413,https://www.k-village.co.kr/exhibitionDetail?spexhNo=2413,,,https://static.eider.co.kr/2026/03/422BB4-01_0229_F2.jpg?w=1440&q=80&f=webp,eider_2_5050ba4781.jpg,ok,1100,1650,167551,ae42b1c2d724f015,https://www.eider.co.kr/,hero_slider_container,0.88,0,0,,,,,,skipped
2026-07-16,eider,Eider,3,걷는게 취미가 된다,https://www.k-village.co.kr/exhibitionDetail?spexhNo=2362,https://www.k-village.co.kr/exhibitionDetail?spexhNo=2362,,,https://static.eider.co.kr/2026/03/YH4C05-26SS%20%ED%94%8C%EB%A0%89%EC%85%98%20%ED%95%98%EC%9D%B4%EB%B8%8C%EB%A6%AC%EB%93%9C%20(2).jpg?w=1440&q=80&f=webp,eider_3_df8429c8f0.jpg,ok,1100,1650,261617,470a20d88d44eec8,https://www.eider.co.kr/,hero_slider_container,0.88,0,0,,,,,,skipped
2026-07-16,eider,Eider,4,활동별 추천 1,https://www.eider.co.kr/activity/G1MPBV,https://www.eider.co.kr/activity/G1MPBV,,,https://static.eider.co.kr/89HD12-7.png?w=640&q=80&f=webp,eider_4_a53f18eb80.jpg,ok,640,1142,140699,2d9248478a480c64,https://www.eider.co.kr/,generic_fallback,0.55,1,0,,,,,,skipped
2026-07-16,millet,Millet,1,DAY TRIPPER SERIES,https://www.millet.co.kr/front/promo/event/329,https://www.millet.co.kr/front/promo/event/329,2026-07-06,2026-08-16,https://www.millet.co.kr/data/banner/Y9KnBC3L.1jew1qxnh7kmx.jpg,millet_1_b89d13fd08.jpg,ok,1100,451,24853,14a46165fd40c00e,https://www.millet.co.kr/front/main,hero_slider_container,0.88,0,1,,DAY TRIPPER SERIES,"글로벌 아웃도어 브랜드 밀레 SINCE 1921. 등산, 트레킹, 트레일 러닝, 매장 안내","티셔츠, 고기능성",하이킹,ok
2026-07-16,millet,Millet,2,PYRO SERIES,https://www.millet.co.kr/,https://www.millet.co.kr/,,,https://www.millet.co.kr/data/banner/Y9KnBC3L.rl544yuoi71w.jpg,millet_5_79fd3395c7.jpg,cached,1100,451,89413,884358e2504d6bc2,https://www.millet.co.kr/front/main,generic_fallback,0.55,1,0,,,,,,skipped
2026-07-16,millet,Millet,3,"KEEP DRY, GO OUT",https://www.millet.co.kr/front/promo/event/328,https://www.millet.co.kr/front/promo/event/328,,,https://www.millet.co.kr/data/banner/Y9KnBC3L.sl3edwq0dbn6.jpg,millet_2_f8ae54e981.jpg,ok,1100,451,57668,46951a1b701eb4ea,https://www.millet.co.kr/front/main,hero_slider_container,0.88,0,0,,,,,,skipped
2026-07-16,millet,Millet,4,SUMMER PROTECTION ED,https://www.millet.co.kr/front/promo/event/327,https://www.millet.co.kr/front/promo/event/327,,,https://www.millet.co.kr/data/banner/Y9KnBC3L.rl52w4vojxb5.jpg,millet_3_4c1ba61896.jpg,ok,1100,451,49009,3a4afa973a8d8143,https://www.millet.co.kr/front/main,hero_slider_container,0.88,0,0,,,,,,skipped
2026-07-16,millet,Millet,5,메인 배너,https://www.millet.co.kr/front/promo/event/320,https://www.millet.co.kr/front/promo/event/320,,,https://www.millet.co.kr/data/banner/Y9KnBC3L.1hv2ofce3taox.jpg,millet_4_f05d0bd543.jpg,ok,1100,451,135819,eda27337770bfd97,https://www.millet.co.kr/front/main,hero_slider_container,0.88,0,0,,,,,,skipped
2026-07-16,millet,Millet,6,MILLET PICK 추천상품,https://www.millet.co.kr/front/product/29066,https://www.millet.co.kr/front/product/29066,,,https://www.millet.co.kr/data/banner/7Cfd0rGKD0howj8q9Kve0v.1jy2pvvrnghmc.jpg,millet_8_290bb0d1ee.jpg,ok,1100,1827,140378,bd8515a9324fac2e,https://www.millet.co.kr/front/main,generic_fallback,0.55,1,0,,,,,,skipped
2026-07-16,millet,Millet,7,콜드엣지 트리코트 타공MIX 티셔츠_MLVUT265,https://www.millet.co.kr/front/product/29142,https://www.millet.co.kr/front/product/29142,,,https://www.millet.co.kr/data/product/list/20260521/1p8skpGUZulnY9.s50pdpffhlbs.jpg,millet_9_8a1685c2f3.jpg,ok,960,960,30940,9eebd5a099fda648,https://www.millet.co.kr/front/main,generic_fallback,0.55,1,0,,,,,,skipped
2026-07-16,millet,Millet,8,ESSENTIALS ITEM,https://www.millet.co.kr/front/product/category/168?psort=new,https://www.millet.co.kr/front/product/category/168?psort=new,,,https://www.millet.co.kr/data/banner/6LHaWWsZbOgbIrX7uz.qe11m1uypco4.jpg,millet_10_462246a3e7.jpg,ok,808,560,118696,3bae2a4e866f4545,https://www.millet.co.kr/front/main,generic_fallback,0.55,1,0,,,,,,skipped
2026-07-16,millet,Millet,9,MILLET DRYNAMIC ITEM,https://www.millet.co.kr/front/product/category/568,https://www.millet.co.kr/front/product/category/568,,,https://www.millet.co.kr/data/banner/nzCA5mnSR5doNCICjCYk.qhibc6e1lnoz.jpg,millet_12_4e3ba37be7.jpg,ok,808,560,110872,664543799193fed8,https://www.millet.co.kr/front/main,generic_fallback,0.55,1,0,,,,,,skipped
